	Hh02G004177_3FTx-NC	Hh02G005288_3FTx-NC	Hh03G008612_3FTx-LNTX	Hh03G008631_3FTx-SNTX	Hh03G023188_3FTx-SNTX	Hh03G023189_3FTx-SNTX	Hh03G023190_3FTx-SNTX	HhUnG022166_3FTx-SNTX	HhUnG023191_3FTx-SNTX	HhUnG023192_3FTx-SNTX
Hh02G004177_3FTx-NC	0	9.880322709	6.128625763	7.979064913	3.410803901	3.41260704	3.410803655	12.42541547	3.410805636	3.41260767
Hh02G005288_3FTx-NC	9.880322709	0	6.78881436	14.82145824	3.982265641	4.037146449	3.982264451	9.4296013	3.982265922	4.037145138
Hh03G008612_3FTx-LNTX	6.128625763	6.78881436	0	7.331497286	2.749579375	3.371768408	2.749579642	9.114020594	2.749579328	3.371771336
Hh03G008631_3FTx-SNTX	7.979064913	14.82145824	7.331497286	0	5.468469099	5.776204228	5.468465941	15.50453018	5.468464468	5.776204689
Hh03G023188_3FTx-SNTX	3.410803901	3.982265641	2.749579375	5.468469099	0	0.064009857	0	9.315698808	0	0.064009275
Hh03G023189_3FTx-SNTX	3.41260704	4.037146449	3.371768408	5.776204228	0.064009857	0	0.064009705	9.305152985	0.064009732	0
Hh03G023190_3FTx-SNTX	3.410803655	3.982264451	2.749579642	5.468465941	0	0.064009705	0	9.3157001	0	0.06400913
HhUnG022166_3FTx-SNTX	12.42541547	9.4296013	9.114020594	15.50453018	9.315698808	9.305152985	9.3157001	0	9.315698686	9.305154419
HhUnG023191_3FTx-SNTX	3.410805636	3.982265922	2.749579328	5.468464468	0	0.064009732	0	9.315698686	0	0.064009149
HhUnG023192_3FTx-SNTX	3.41260767	4.037145138	3.371771336	5.776204689	0.064009275	0	0.06400913	9.305154419	0.064009149	0
										
										
										
										
										
										
										
										
										
∑«±£ ÿ			±£ ÿ							
Hh03G008631	HhUnG022166									
5.468469099	9.315698808									
5.776204228	9.305152985									
5.468465941	9.3157001									
5.468464468	9.315698686									
5.776204689	9.305154419									
